00000000000100100000000000000100
00000000000100100000000000000100
00000000000100100000000000000100
00000000000100100000000000000100
00000000000100100000000000000100
00000000000100100000000000000100
00000000000100100000000000000100
00000000000100100000000000000100
00000000000100100000000000000100
00000000000100100000000000000100
00000000000100100000000000000100
00000000000100100000000000000100
00000000000100100000000000000100
00000000000100100000000000000100
00000000000100100000000000000100
00000000000100100000000000000100
00000000000100100000000000000100
00000000000100100000000000000100
00000000000100100000000000000100
00000000000100100000000000000100
00000000000100100000000000000100
00000000000100100000000000000100
00000000000100100000000000000100
00000000000100100000000000000100
00000000000100100000000000000100
00000000000100100000000000000100
00000000000100100000000000000100
00000000000100100000000000000100
00000000000100100000000000000100
00000000000100100000000000000100
00000000000100100000000000000100
00000000000100100000000000000100
00000000000100100000000000000100
00000000000100100000000000000100
00000000000100100000000000000100
00000000000100100000000000000100
00000000000100100000000000000100
00000000000100100000000000000100
00000000000100100000000000000100
00000000000100100000000000000100
00000000000100100000000000000100
00000000000100100000000000000100
00000000000100100000000000000100
00000000000100100000000000000100
00000000000100100000000000000100
00000000000100100000000000000100
00000000000100100000000000000100
00000000000100100000000000000100
00000000000100100000000000000100
00000000000100100000000000000100
00000000000100100000000000000100
00000000000100100000000000000100
00000000000100100000000000000100
00000000000100100000000000000100
00000000000100100000000000000100
00000000000100100000000000000100
00000000000100100000000000000100
00000000000100100000000000000100
00000000000100100000000000000100
00000000000100100000000000000100
00000000000100100000000000000100
00000000000100100000000000000100
00000000000100100000000000000100



