00000000000011110000000000000010
00000000000011110000000000000010
00000000000011110000000000000010
00000000000011110000000000000010
00000000000011110000000000000010
00000000000011110000000000000010
00000000000011110000000000000010
00000000000011110000000000000010
00000000000011110000000000000010
00000000000011110000000000000010
0000000000001001
0000000000001001
0000000000001001
0000000000001001
0000000000001001
0000000000001001
0000000000001001
0000000000001001
0000000000001001
0000000000001001
0000000000001001