19;0000000010000010;240;0000000000001000
20;0000000000000111;241;0000000100000100
21;0000000010001000;242;0000000000000001
22;0000000000000010;243;0000000011111010
23;0000000010000011;244;0000000000000101
24;0000000010001110;245;0000000000011001
25;0000000010001110;246;0000000000011110
247;0000000000000001
26;0000000000001011
27;0000000010000111;248;0000000000000101
28;0000000010001000;249;0000000000000111
250;0000000000000010
29;0000000000000010;251;0000000011110111
30;0000000010000011;252;0000000000000001
31;0000000010001110;253;0000000000001010
32;0000000010001110;254;0000000000010011
33;0000000000001011
